460 1
426 1
414 1
281 1
241 1
238 1
235 1
231 1
227 1
220 1
215 1
213 1
204 1
196 1
194 1
190 1
185 1
182 1
180 1
173 1
172 1
170 1
166 1
165 1
163 2
162 2
159 1
158 2
157 1
155 1
152 1
150 1
145 2
143 2
140 1
139 1
138 1
137 1
136 1
135 1
134 2
133 3
132 2
130 2
129 1
128 3
127 2
126 1
125 1
124 1
122 1
120 1
117 2
116 1
115 1
114 3
113 2
112 2
111 5
110 3
109 1
108 1
107 9
106 6
105 4
104 4
103 7
102 10
101 5
100 14
99 24
98 1
97 3
96 3
95 5
94 3
93 1
92 1
91 3
90 2
89 1
88 3
87 1
85 1
84 1
83 2
82 5
81 5
80 1
79 8
78 4
77 7
76 5
75 12
74 10
73 11
72 29
71 2
70 1
69 1
68 4
67 1
66 1
65 3
64 1
63 1
62 3
61 1
60 1
59 3
58 1
57 5
56 1
55 1
53 2
52 6
51 8
50 5
49 4
48 8
47 6
46 4
45 10
44 5
43 9
42 7
41 12
40 3
39 4
38 3
37 3
36 4
35 4
34 4
33 5
32 5
31 4
30 5
29 5
28 6
27 7
26 8
25 4
24 4
23 13
22 9
21 7
20 14
19 13
18 13
17 9
16 6
15 8
14 16
13 20
12 18
11 22
10 20
9 21
8 34
7 20
6 34
5 29
4 43
3 60
2 44
1 35
