573399642 10431
598311954 71
-464079567 274
471681437 1822
58893536 758
912572469 2463
207264837 3073
-1912447294 755
-117891866 9520
-362990168 1296
857610780 3134
-2083542525 221
-1332833808 10692
-522401067 535
1336457901 4074
2073518760 1766
-455331761 880
-59750594 1193
853258139 266
735961011 7796
563850210 4100
716973188 1957
-611394262 4733
1769237418 1420
-203839773 400
-1718723982 3733
-483059388 8915
1338650994 842
1891508176 1490
-1763305791 11298
1063123660 5058
-898666384 5636
-1020665663 1848
1939656238 166
1995243474 1334
2107118917 908
1823501007 3457
-1899459994 1966
-756345659 9463
181587757 396
1926686058 1887
948766430 2502
-1028108167 2582
471606749 2549
-763469638 9425
913874135 195
-1790096130 2033
534158355 2154
-2139021303 3126
-1556027809 6792
-636202865 24
-378895931 6525
410167908 284
-145999550 7243
1940151764 2452
744120255 1020
1943372945 758
1229041835 13891
1741110402 2332
241899223 4504
1673077254 782
-1263054494 873
-704526594 4405
1726041114 234
1075984847 86
1248934209 1627
615244104 3650
499577183 1087
317735497 7335
589298909 343
1716876307 2019
-758536010 5518
-1733025005 4840
-2051597934 2519
994990804 73
-1974185101 5111
-974111261 4034
539464444 1777
1431403067 1039
1809163452 3114
14531881 85
793508975 1078
-1197728766 2182
1114940133 1685
-590281321 3001
-746070344 478
-1575301980 974
139704462 5203
-1946356953 1403
-1588736815 456
1197817034 6072
1708252334 4946
-300561634 142
-2129962333 905
-647559240 12736
1187332170 4133
1775308136 1995
241829145 602
-293650578 3656
15268028 5174
-194088715 3610
-1303396543 1258
-801522588 1774
939760301 1335
-1282835700 122
1363885991 8860
514644708 2801
-649063436 86
533099190 1632
1827893705 9205
194175096 113
-1010122089 5660
-2136357464 2678
633364765 5090
625575067 4289
948860803 264
1046406396 93
-1225449554 1090
1679725468 2219
-1046518534 643
-1262410404 6505
1736878621 1087
-1281555181 2752
1937528900 80
760520557 8534
1377234837 7146
-1065463245 5209
642217461 2596
-161192256 4340
506486982 3176
-1718756339 1080
1375121221 976
1991052872 742
1856709161 601
1614758413 7385
-1848981979 352
-414275585 2484
336677327 1804
1225415732 1926
-579896036 1597
1260966297 1580
-1957386926 3116
-207199349 3656
-1367369308 562
-185845275 1269
-758568918 469
1999369710 2307
1088187998 1821
847668225 11520
1270345058 3554
358429467 2549
1335082583 2097
361743470 2455
2147093955 6505
-1351532429 1750
-762199385 4511
1938340323 8144
784815944 6736
1128843118 1728
-1564212961 167
-392384249 2665
257887285 7265
2113492168 3098
-650539400 4902
1479147796 138
1528776640 4640
1117079729 3137
-883877447 6286
1967023243 137
1247814338 37
-1670821972 733
-1493931894 1915
-811060513 9123
41123172 3502
406743633 2002
-1651392625 443
-727888520 7406
-1794904550 2610
-654167736 51
1336198175 3431
2099961506 7172
283971251 3396
713453173 9161
856210741 4699
-417669692 1598
-404345830 621
1761748328 1217
1086223668 724
1079554647 2326
235729024 5809
-839314143 2345
-400269839 487
-1663185644 1739
-986496716 812
-1866496452 1697
764022542 2187
1478470489 1342
706989330 6244
-1270610759 243
-1503816125 5979
855098108 35
576612893 1190
-320030011 1260
1309341740 4471
1812837986 2136
-2134039262 461
585949074 920
1861768775 31
661587986 228
1287465783 1047
-244970529 4518
259004772 2613
-939496820 416
-1223627384 3446
-1187858098 7217
-1364190707 1782
-1597151328 3964
-1644335752 256
898841957 349
955041489 2943
1851456317 1467
1662173002 3073
1472635604 1763
-1596387052 678
-1747333130 627
-1738307011 18605
782818997 1327
1868454194 4645
2015928523 40
-855633834 3134
698545999 8982
-638528078 2860
205633588 992
1782029812 1093
-1913947608 1260
52171344 1256
-341371811 4280
1239913965 97
1367946889 2196
234205796 5387
-666879976 885
-935913408 8050
1132576483 2985
1975628240 3746
1072068570 1246
-1038281227 17
-857863729 880
-346855427 1298
-720423433 1521
115463337 3035
-1511398712 898
-131587423 6466
142531688 7491
1574942956 3119
1275389127 324
1779359907 3269
40123899 225
-1369085441 2951
1632252640 973
-723348514 343
1028953600 2186
1995730035 7243
-197304289 725
-348837486 8112
1015558458 739
491626647 1777
1958357607 3656
-1709906789 308
-304053402 2877
-1677862324 2852
-884722835 1486
588932210 923
1301341197 1671
-1010337694 12904
2026216627 47
-1671670649 2998
-1781592425 460
-483057479 1588
-726370973 588
931955109 1104
1836480570 563
984391227 3303
1921407132 467
-580215887 2469
819390871 1691
1402964138 1041
-130595875 3318
-1829874596 1074
1206778876 1460
-1035503197 12188
1996258719 2852
-762492498 11089
561357590 161
-1257388789 572
-1900926789 3788
1715178145 5132
-84068766 4291
494365260 5187
-50735280 11250
-2081585924 1273
-1989967063 1495
1739027703 3933
192151546 183
106465417 1068
1229908338 2047
-1127542319 1247
-404940366 7174
-1948819745 886
-1421291599 1160
-400798580 257
-477586618 1113
-1703663846 5203
10793676 6072
1492963062 278
-576605382 1290
-14639256 2293
386481937 15919
-675089273 522
-1099121378 5870
1782519711 8144
388113000 1138
286151167 1996
-1860509075 1519
-278749987 2528
1231944947 559
-1063825944 134
201664446 332
-1155851319 1542
2020739506 6769
-1511462672 1007
1752161666 211
233487891 651
936956414 1169
-1945150222 1408
-871736700 1550
-1447180091 896
-897150631 710
1837910259 3134
-778657063 564
952026246 3415
757960766 306
661703028 1029
-2115842927 6627
1564918898 589
-598546711 2946
-1537074308 797
-1696714519 1792
-745897132 1168
1247099270 5479
-1892875014 979
-428801088 849
-363862336 4397
1303133005 1398
1120531472 1491
1133746914 16164
1654495525 6594
-392396303 588
1204041362 1650
240464262 834
-1020665341 825
236569548 616
1845327486 912
-582329091 5459
2049184514 6932
1286096142 12221
274394912 1943
395397618 8596
-1348116509 3737
-868374185 146
1567090294 11112
395685381 3313
852614712 4715
-1736529758 1996
1259813114 1772
972831643 3064
571776800 5812
1708715776 4926
969398772 7285
203805528 11307
969843787 15
1484019409 1050
-1588231351 722
929063198 2857
523552869 374
-1907353513 1715
950263666 2193
-1450061292 185
-1745041932 201
-767549254 838
-355156691 7431
-686634152 6413
1859886541 477
551842849 149
214337438 1179
-1610563560 583
-1996866899 886
-924860478 963
1812103480 119
1454145448 4130
1896494310 94
352268102 1733
1359272229 468
792974749 347
-645587108 417
-242891530 294
720325326 3573
-504357170 131
636702079 1369
-84039879 643
815047886 2163
-470813636 3816
-1861647809 3393
-1075279999 875
1882504178 2095
-1268079721 5398
138775831 3512
-14383192 10849
607635947 2021
-293980608 8404
179083855 5389
-884403564 3442
-1729121526 502
-1658577150 1707
-1242089099 2019
900684486 74
-1211232138 2087
-1507280088 452
-526394682 834
-389325006 5870
-1595737746 4305
2050597668 5410
643804065 4644
117774330 5459
1004558244 337
-1862334103 4484
-348685961 2782
-101877394 3852
-908813817 323
1742337866 327
-1787483604 691
-274383822 4035
1833017485 517
1736232086 6346
-1810451474 679
-239519341 5326
170720431 1823
1004988843 5812
-487304933 36
-523747678 2289
-1622577430 1671
-21947121 1841
1375409630 498
1218332616 2789
-1444685441 1262
-1910390399 2598
790489066 638
59565845 480
816200582 4274
-1272238906 8008
-1498367267 814
-1436199158 1474
-1336135442 5726
-1417676765 4908
-1958331894 3650
-416649628 659
-1997782939 96
595935475 8860
-1439012937 1156
528893661 9463
-1477373960 1439
198487858 3662
586215250 226
1194157656 2428
2146392465 1326
1354020179 6529
1382097109 3537
541717905 4028
1846529316 14342
-1545233920 41
-1318218798 1772
2112701988 2773
82439257 812
876691648 2182
-2011969342 3509
1655383538 1515
-307000986 397
1933388488 2016
-10426889 1663
820466644 1563
-372252709 210
-1953085365 1807
1962061361 1273
1722885258 549
1784377759 1004
-1224359434 3483
-990396660 1212
-1735896189 7431
1647778039 10471
-94838883 214
-551642992 647
-1899409320 1567
308195181 2860
-697618686 6075
-803305646 1313
-2033659141 123
756342997 4902
522980188 618
-999146257 1198
1836721059 401
1397216994 93
1043109050 377
-1319804564 1217
-648046515 2461
-1813738525 4028
-976655025 3227
-1481210904 670
1689209572 47
1720140473 4185
-1732317625 65
-1563657287 1850
-2090931847 7057
-1929243150 14949
-1254337924 914
-1182315648 11089
641144878 2708
-918835708 2412
306798225 7889
1347025829 837
371612294 1143
1605672467 6152
676584659 177
-2046167486 1324
-1239363098 3462
-1930686597 2950
842319234 4382
1969151268 459
1997608995 2002
1133247244 169
-925563169 2126
-684774660 698
-769594341 8144
1530793510 1052
-1728319192 3137
784051071 1081
1687800928 5442
-325202645 4162
-444901485 2058
-6481530 262
-631321524 4639
-1915781792 235
-1271069623 287
-1151457128 1214
377224955 4919
1686658917 166
601070213 12534
-184991679 446
273119974 1885
1227716352 981
-851080306 284
578295400 6522
-1364560718 1044
734184768 3318
-56423318 1184
1855022329 409
1733583529 4998
1416310115 46
-387734510 1350
-11235423 69
1929540894 3135
920470758 1528
-922094368 3768
-921480588 2344
1280240232 4381
-1143699656 4733
1621837366 818
355922903 169
1542446423 5168
526678241 1333
-666552331 364
-59467918 138
-2075774051 593
766341388 324
165994131 1866
1665389340 1474
656195134 236
1305360345 1935
-1538095446 7406
-1449519452 1699
34012403 2170
-1276538974 506
-230021719 7657
2081099436 1232
-240110461 1064
-1202210498 73
-984859995 4630
1538341667 2332
-1659810692 763
466140044 5633
-1493123204 13626
-1124362980 6737
1863454034 413
-763965644 801
-69824617 621
53321611 1418
-921358176 581
-470918584 194
1718522552 1728
1711897990 2556
-1499862873 5485
-44534944 1576
-85692805 7146
2138562245 1202
-1718961896 85
1770939611 343
636366740 1852
-1506407656 1403
-1822771678 6303
-1037474414 6803
-275175387 2556
-841581755 1184
-1314723755 319
-1089386063 1448
-13204252 776
1551752928 19028
-1174931690 1850
2053716115 944
944408797 176
1692315891 3818
-865177092 249
-1126388970 1119
397759895 7373
1788122404 1535
-735004877 937
450718957 4703
-835999306 2721
2081052856 3369
-1277317266 7055
1793802081 28
140574936 9262
-720003931 2628
2033528613 353
-472018033 1459
-1689090991 88
-1583254099 886
-594641674 709
161833875 4557
819738122 1545
-837008468 198
1143162239 1537
438380474 3522
-1598004743 5280
-1844999302 6016
-1064239610 1476
1177292175 890
145281662 93
-1036975388 1811
1678055449 458
-1139969917 290
214209775 1140
95401699 8417
-1497160316 1247
-1347276489 1893
428026525 5077
-1934145179 1841
707603115 536
-1837494349 2516
-1190055914 558
-808925677 1697
1120347033 2527
753773036 765
-858495027 1580
-1150518277 5862
1327513239 521
-378335605 296
518966818 2514
1344229476 3178
665887854 6623
-762968979 3015
262776988 6721
-771582828 2015
1857844479 2182
1331051953 371
-376495318 315
163311372 2993
-796998627 2502
1011369445 1298
-1677531074 2335
1625876025 527
1795585735 268
-529954270 9661
1912225082 2543
1016112987 381
412945542 9634
-1655787362 2504
-1988162343 6724
1392821293 50
1229821842 3167
1996322879 5636
686779408 3771
1190234910 3056
1147550851 2605
2097365536 6505
515704943 1358
-1876126534 695
1818908076 594
-290969466 1293
194444464 2758
1961644960 4087
2020587461 3698
-1239140428 7185
2088457667 7551
-769901981 12046
2688303 2581
301266627 1836
-760623865 148
-1148964605 564
-814595893 1737
57353327 4729
1958018462 1046
1930325292 2802
-359259285 552
1130046313 3281
-502983064 1586
1602094916 2062
-1095055937 619
485049196 627
1830240286 4516
1127511571 838
453213474 930
-173703153 6191
1227257917 1639
-133646592 35
-750665377 1431
1145826066 7596
-709587417 14835
-1355397842 4039
913266750 11413
-1796275887 2207
-362219667 115
-866913729 3565
-1993083519 57
1625619707 6231
1228749048 4143
-1697134380 672
-788614981 705
1200088227 3460
1612664773 3335
-1610166178 1084
-35407466 1965
1692220460 878
651448136 3161
1489698460 805
1983638290 645
-1054550698 819
-1072462689 1715
802862412 7889
-903267732 1500
-608038179 4659
1860194341 2214
828442150 470
-471350595 1452
-1053907405 2007
1891073466 2573
274796657 7590
849088798 615
1076349708 18534
-1222453569 311
-283004687 231
-208218646 2994
1622506120 51
-473019393 1928
1999756781 37
1078873814 7663
1928954161 176
1232833228 176
-538142447 220
1515848481 7642
-2108133544 2483
922493089 87
1490511278 3442
-1450132720 3920
-1646589331 2302
2006409620 3251
-232090760 2403
1943250100 110
-169729339 269
575038604 1037
208925893 2519
-886739424 623
-306259031 3281
-502042636 2605
-2024815068 2019
1340304025 1912
1255490277 3684
-1843669969 1503
-2988481 542
1646231656 774
611359643 179
60148515 1311
1517674713 561
-1345907205 1377
-724299462 1140
-437674745 2285
2074883186 179
1864693278 824
93584016 802
1472061677 1595
-1502348882 1462
1857812658 904
736443746 117
-1433103861 207
-344801432 1192
-567340102 6682
-1462911734 4073
1233867214 1388
-1041895140 2302
-506530921 109
2094029394 3990
-1434245252 8423
1517719843 10579
-1328834085 4508
-778711314 4781
1418778774 1829
1008682480 2683
-1754214036 2830
1871702989 323
925936816 496
33635681 5663
61698608 401
166641407 1744
-1046718543 5085
-697329800 3602
1375571030 735
-923333969 284
-331432958 35
220930045 4082
-1987167898 1052
-815555397 128
-548091951 1403
1816102237 2473
-2056591637 474
-1608001480 344
-1533325371 15976
976741016 1274
609475433 1799
-952553793 2045
524726716 5085
197546294 7289
-1980379648 46
1474564526 6
402715317 3602
1156072645 61
-603811713 2857
-217726036 1105
-1665392375 6979
-471111344 765
855184811 1483
-1861455023 6327
-348578143 3772
-1546656103 4381
1159696749 2598
1294466372 2102
-1052655317 2027
1903997626 5138
-547929750 2168
-1508600314 5690
1024831160 4208
7439192 963
1012293789 420
-1051941525 4139
50013698 5249
-945266526 497
-1295813234 2500
-1120637988 1658
754637616 4117
-135600973 604
-532023884 1143
1446048560 715
-1831242218 888
-655112857 10117
-1929194629 2851
-1332897674 1140
189083778 316
-1146695167 4433
774396324 576
740113459 4733
1695116338 9123
-1777713898 277
2061106369 2667
-733105970 2284
450871648 6413
-1485332514 1580
147777993 1085
782720959 3537
-677668712 320
187155466 4372
-1899051754 7758
876352548 1761
-2120186614 518
-1275793155 2558
1038640859 9647
-2077430068 2873
-1947539454 5639
-1076752950 2175
-795086511 991
-1807072196 2762
-1367940546 148
-764237218 162
-2004223468 1605
1323793397 841
-1154609647 1356
1588349278 1632
1001926907 307
-372395667 1449
-460690675 3666
-325087652 996
1895407653 430
659494161 822
1243121858 2109
-2123084375 1329
-1173570753 714
-1312795972 11191
-276384418 2959
1050614676 280
1286010401 4463
-852376768 292
-1407780972 1005
222439765 28
-1447850529 5387
608793629 8529
-709240656 3517
-807566486 2776
-1320017858 7065
-2033659579 1841
1738774190 4617
1276187895 822
-201843770 6682
-125804104 7069
-1644382851 1499
-227132232 764
1090158493 94
-131632070 2077
244593158 2274
-668775937 454
-1149126495 1812
32042947 7766
-237896010 270
620672108 6267
-248649507 8653
1073560171 5164
2126079609 1208
-205113672 2484
-245823427 2529
-1645389493 873
-1796174108 1060
229892495 2887
-490445527 486
897489951 235
-30138294 434
-902411277 4433
-753209330 3947
1160644644 6171
-2072695770 3684
2132573797 8112
-1910171230 832
-1254166681 3816
-485433168 7895
1578028577 659
1306121307 58
1223530111 556
107690613 185
903353163 394
34984575 3460
1476544802 3132
-627572014 12
1303713614 4908
-1385944590 344
-1768867143 358
-123499900 319
-620385422 636
535305594 914
1168982677 1860
-1693578513 3612
-1684290481 7223
826176490 4970
1872271878 349
1346281376 5639
-126325178 666
1122906285 2216
1202300729 1220
1717103010 1172
-407336916 1285
-442585566 1622
-1429849602 3849
-848533694 11627
1174119451 7738
